level	page_num	block_num	par_num	line_num	word_num	left	top	width	height	conf	text
1	1	0	0	0	0	0	0	640	720	-1	
2	1	1	0	0	0	99	206	104	20	-1	
3	1	1	1	0	0	99	206	104	20	-1	
4	1	1	1	1	0	99	206	104	20	-1	
5	1	1	1	1	1	99	206	104	20	96	Interface
2	1	2	0	0	0	331	472	164	37	-1	
3	1	2	1	0	0	331	472	164	37	-1	
4	1	2	1	1	0	331	472	164	15	-1	
5	1	2	1	1	1	331	476	1	8	82	1
5	1	2	1	1	2	339	472	23	12	82	red
5	1	2	1	1	3	369	473	12	11	95	to
5	1	2	1	1	4	388	475	42	12	96	green
5	1	2	1	1	5	437	472	58	12	72	indicate:
4	1	2	1	2	0	333	494	54	15	-1	
5	1	2	1	2	1	333	494	54	15	83	quality),
2	1	3	0	0	0	74	174	492	372	-1	
3	1	3	1	0	0	74	174	492	372	-1	
4	1	3	1	1	0	74	174	492	372	-1	
5	1	3	1	1	1	74	174	492	372	95	 

