level	page_num	block_num	par_num	line_num	word_num	left	top	width	height	conf	text
1	1	0	0	0	0	0	0	640	720	-1	
2	1	1	0	0	0	88	190	109	13	-1	
3	1	1	1	0	0	88	190	109	13	-1	
4	1	1	1	1	0	88	190	109	13	-1	
5	1	1	1	1	1	88	190	109	13	95	CONCLUSION
2	1	2	0	0	0	143	269	295	54	-1	
3	1	2	1	0	0	143	269	295	54	-1	
4	1	2	1	1	0	251	269	187	10	-1	
5	1	2	1	1	1	251	269	20	10	95	links
5	1	2	1	1	2	286	270	7	9	90	ID
5	1	2	1	1	3	300	271	16	8	96	to
5	1	2	1	1	4	326	273	2	6	96	a
5	1	2	1	1	5	335	269	59	10	96	channel
5	1	2	1	1	6	412	269	26	10	0	capacity
4	1	2	1	2	0	181	291	248	13	-1	
5	1	2	1	2	1	181	291	23	13	72	mpl
5	1	2	1	2	2	258	294	14	7	96	ne
5	1	2	1	2	3	281	292	14	10	96	where
5	1	2	1	2	4	336	291	19	11	94	input,
5	1	2	1	2	5	388	292	18	10	92	output
5	1	2	1	2	6	412	294	17	8	77	anc
4	1	2	1	3	0	143	310	130	13	-1	
5	1	2	1	3	1	143	310	47	10	96	defined
5	1	2	1	3	2	202	310	19	10	96	and
5	1	2	1	3	3	227	310	46	13	93	interpre
2	1	3	0	0	0	70	174	494	372	-1	
3	1	3	1	0	0	70	174	494	372	-1	
4	1	3	1	1	0	70	174	494	372	-1	
5	1	3	1	1	1	70	174	494	372	95	 

