level	page_num	block_num	par_num	line_num	word_num	left	top	width	height	conf	text
1	1	0	0	0	0	0	0	640	720	-1	
2	1	1	0	0	0	48	211	126	17	-1	
3	1	1	1	0	0	48	211	126	17	-1	
4	1	1	1	1	0	48	211	126	17	-1	
5	1	1	1	1	1	48	211	126	17	96	Recruitment
2	1	2	0	0	0	49	263	229	99	-1	
3	1	2	1	0	0	49	263	229	99	-1	
4	1	2	1	1	0	49	263	229	99	-1	
5	1	2	1	1	1	49	263	229	99	15	=]
2	1	3	0	0	0	74	421	193	39	-1	
3	1	3	1	0	0	74	421	193	23	-1	
4	1	3	1	1	0	74	421	41	9	-1	
5	1	3	1	1	1	74	421	41	9	67	Umited
4	1	3	1	2	0	100	431	167	29	-1	
5	1	3	1	2	1	100	431	20	29	35	ie
5	1	3	1	2	2	197	436	70	8	0	Ee)
2	1	4	0	0	0	208	450	48	11	-1	
3	1	4	1	0	0	208	450	48	11	-1	
4	1	4	1	1	0	208	450	48	11	-1	
5	1	4	1	1	1	208	450	48	11	22	ord

